0,1,2,3,4,5,6,7,8,9,10,11,12,13,14,15,16,17,18,19,20,21,22,23,24,25,26,27,28,29,30,31,32,33
Episode,4
Neighbor_0,Neighbor_1,Neighbor_2,Neighbor_3,Neighbor_4,Neighbor_5,Neighbor_6,Neighbor_7,Neighbor_8,Neighbor_9,Neighbor_10,Neighbor_11,Neighbor_12,Neighbor_13,Neighbor_14,Neighbor_15,Average Attention Score
0.06250927597284317,0.06250420957803726,0.062489572912454605,0.0625043734908104,0.06250730156898499,0.06249096989631653,0.06249621510505676,0.06250680983066559,0.06248866766691208,0.06250056624412537,0.06250066310167313,0.06249041482806206,0.06248301640152931,0.06250906735658646,0.06250355392694473,0.06251534819602966
0.0625133067369461,0.06249943748116493,0.06248767673969269,0.06250212341547012,0.06250320374965668,0.0624917708337307,0.062493544071912766,0.06251093000173569,0.0624941810965538,0.06248721852898598,0.062499284744262695,0.062491998076438904,0.062487393617630005,0.0625101700425148,0.06250739842653275,0.06252036988735199
0.06251027435064316,0.06250117719173431,0.06248956546187401,0.06249966472387314,0.06250648945569992,0.06248873844742775,0.06249310448765755,0.0625140517950058,0.06249425560235977,0.06249235197901726,0.06249978020787239,0.062490783631801605,0.062486808747053146,0.06251093000173569,0.06250546872615814,0.06251657754182816
0.06251129508018494,0.06250287592411041,0.062488507479429245,0.0624980702996254,0.06250283122062683,0.062494952231645584,0.06249546632170677,0.06251034885644913,0.06249436363577843,0.06249701604247093,0.06249992921948433,0.06248842924833298,0.06248725950717926,0.06250499933958054,0.06250467151403427,0.06251901388168335
0.06251320987939835,0.062499284744262695,0.062487173825502396,0.062498949468135834,0.06250157952308655,0.06249464675784111,0.062495771795511246,0.06251231580972672,0.06249258667230606,0.062491197139024734,0.062498100101947784,0.06249237060546875,0.062484920024871826,0.06250976771116257,0.06250587850809097,0.06252226233482361
0.06251037865877151,0.06249886378645897,0.06249183416366577,0.06250530481338501,0.0625036284327507,0.06248647719621658,0.06249179691076279,0.06251092255115509,0.062497396022081375,0.062490031123161316,0.06250316649675369,0.06249038502573967,0.062491632997989655,0.0625109151005745,0.0625060647726059,0.06251123547554016
0.06250952184200287,0.062498290091753006,0.062488995492458344,0.06250470876693726,0.0625021755695343,0.06249084323644638,0.06249397248029709,0.0625094622373581,0.06249241903424263,0.062491919845342636,0.06250172108411789,0.062491275370121,0.06248937547206879,0.06251271814107895,0.06250794231891632,0.06251467019319534
0.06251054257154465,0.062503881752491,0.06248924136161804,0.06250353157520294,0.06250546872615814,0.06248776987195015,0.062495630234479904,0.06250999122858047,0.06249367818236351,0.062498852610588074,0.062499720603227615,0.06248730793595314,0.06248551979660988,0.0625133290886879,0.06250471621751785,0.06251084804534912
0.06250912696123123,0.06250457465648651,0.06248772516846657,0.06250147521495819,0.06250877678394318,0.06249282509088516,0.062494173645973206,0.06251072138547897,0.06249457225203514,0.06249494478106499,0.06249871850013733,0.06248806044459343,0.062486447393894196,0.06250886619091034,0.06250346451997757,0.06251554936170578
0.062510646879673,0.062499143183231354,0.06249353289604187,0.06250182539224625,0.06250344961881638,0.0624845027923584,0.06249231472611427,0.06251166760921478,0.062499139457941055,0.06248658895492554,0.06250429898500443,0.062488362193107605,0.062489356845617294,0.06250769644975662,0.06251054257154465,0.0625169426202774
0.06251095235347748,0.06250312924385071,0.0624871626496315,0.062499452382326126,0.06250324845314026,0.06249134615063667,0.0624951533973217,0.06251008808612823,0.062495142221450806,0.06249136105179787,0.06250129640102386,0.06248839199542999,0.06248842179775238,0.06250781565904617,0.06250645965337753,0.0625206008553505
0.06250836700201035,0.06250623613595963,0.06249076500535011,0.06250474601984024,0.062507763504982,0.06248997524380684,0.06249551475048065,0.0625077486038208,0.06249384954571724,0.06250173598527908,0.06250201910734177,0.062482401728630066,0.06248536705970764,0.06250729411840439,0.06250344961881638,0.06251277774572372
0.06250835955142975,0.06250559538602829,0.06248732656240463,0.06250165402889252,0.06250505149364471,0.06248985230922699,0.06249585747718811,0.06250933557748795,0.062496431171894073,0.062498483806848526,0.0625014528632164,0.062487903982400894,0.062487658113241196,0.06250870227813721,0.06250162422657013,0.0625147596001625
0.06250590831041336,0.06250642985105515,0.062491271644830704,0.06250366568565369,0.0625075176358223,0.06248975545167923,0.062497034668922424,0.0625079870223999,0.06249076500535011,0.06250595301389694,0.06250345706939697,0.062483299523591995,0.062483642250299454,0.06250780820846558,0.06250110268592834,0.06251440197229385
0.06250858306884766,0.06250111013650894,0.0624878965318203,0.06249792128801346,0.06250577419996262,0.06249123439192772,0.06249135732650757,0.06251432746648788,0.06248969957232475,0.0624966137111187,0.06249871850013733,0.062497902661561966,0.062485769391059875,0.06251328438520432,0.06250032782554626,0.06251950562000275
0.06251008808612823,0.06250360608100891,0.06248912587761879,0.0625031366944313,0.0625060424208641,0.06248873844742775,0.06249541416764259,0.06250524520874023,0.06249427795410156,0.06249155104160309,0.0625016987323761,0.062489572912454605,0.06248831748962402,0.06250802427530289,0.06250685453414917,0.06251832842826843
Neighbor_0,Neighbor_1,Neighbor_2,Neighbor_3,Neighbor_4,Neighbor_5,Neighbor_6,Neighbor_7,Neighbor_8,Neighbor_9,Neighbor_10,Neighbor_11,Neighbor_12,Neighbor_13,Neighbor_14,Neighbor_15,Single Sample Attention Score
0.06250913441181183,0.0625036209821701,0.06248924508690834,0.06250403076410294,0.0625070333480835,0.06249096244573593,0.062495674937963486,0.06250712275505066,0.062487948685884476,0.06250176578760147,0.06250058859586716,0.06248994171619415,0.06248243525624275,0.06250970810651779,0.06250356882810593,0.06251724809408188
0.06251368671655655,0.06249871104955673,0.06248725950717926,0.0625019520521164,0.06250294297933578,0.062491461634635925,0.06249309703707695,0.06251133233308792,0.0624937005341053,0.062487244606018066,0.06249922886490822,0.06249132752418518,0.06248704716563225,0.06251081079244614,0.0625075250864029,0.06252267956733704
0.0625104084610939,0.06250055134296417,0.062489237636327744,0.06249944865703583,0.06250631809234619,0.06248839572072029,0.06249266490340233,0.06251458823680878,0.06249380111694336,0.06249269098043442,0.06249978765845299,0.06248999759554863,0.062486425042152405,0.06251165270805359,0.06250545382499695,0.06251853704452515
0.06251136213541031,0.06250233948230743,0.062488168478012085,0.06249775364995003,0.06250255554914474,0.06249488145112991,0.0624951496720314,0.06251078844070435,0.06249401718378067,0.06249748542904854,0.062499936670064926,0.06248773634433746,0.062486980110406876,0.06250540912151337,0.06250462681055069,0.0625208243727684
0.06251337379217148,0.06249847635626793,0.06248673424124718,0.06249863654375076,0.0625012069940567,0.06249447539448738,0.062495313584804535,0.0625128373503685,0.062492113560438156,0.06249154359102249,0.06249799579381943,0.062491804361343384,0.0624845065176487,0.0625104159116745,0.06250590831041336,0.06252465397119522
0.0625106543302536,0.06249815225601196,0.06249150261282921,0.06250529736280441,0.06250333786010742,0.0624859556555748,0.06249137967824936,0.06251121312379837,0.062497012317180634,0.06249017268419266,0.06250324845314026,0.06248965859413147,0.062491390854120255,0.06251176446676254,0.06250649690628052,0.06251278519630432
0.06250984966754913,0.06249755620956421,0.062488362193107605,0.06250473111867905,0.06250175088644028,0.062490880489349365,0.062493521720170975,0.06250964850187302,0.062491826713085175,0.062492161989212036,0.06250150501728058,0.062490664422512054,0.06248898431658745,0.06251361221075058,0.0625082477927208,0.0625167265534401
0.06251050531864166,0.06250327825546265,0.06248877942562103,0.06250346451997757,0.06250516325235367,0.062487293034791946,0.06249503046274185,0.0625104084610939,0.06249317526817322,0.062499579042196274,0.06249968707561493,0.062486495822668076,0.06248507276177406,0.06251443177461624,0.06250505149364471,0.06251252442598343
0.06250923871994019,0.06250404566526413,0.06248737871646881,0.06250134110450745,0.06250874698162079,0.06249256432056427,0.06249376758933067,0.06251116096973419,0.06249416992068291,0.06249510496854782,0.062498677521944046,0.062487274408340454,0.06248605251312256,0.06250951439142227,0.06250336766242981,0.06251759082078934
0.06251057982444763,0.062498919665813446,0.06249351426959038,0.06250175088644028,0.06250365823507309,0.06248371675610542,0.06249205768108368,0.06251195818185806,0.062498774379491806,0.06248696520924568,0.06250488013029099,0.06248674914240837,0.0624888576567173,0.06250796467065811,0.0625109076499939,0.06251878291368484
0.06251106411218643,0.06250263005495071,0.062486682087183,0.062499213963747025,0.06250298023223877,0.06249110773205757,0.062494926154613495,0.0625104308128357,0.06249472498893738,0.062491510063409805,0.06250134855508804,0.06248743087053299,0.06248814985156059,0.06250841915607452,0.06250651925802231,0.06252287328243256
0.06250794976949692,0.06250568479299545,0.06249061971902847,0.06250455230474472,0.06250757724046707,0.06248951703310013,0.06249501556158066,0.06250832229852676,0.062493596225976944,0.06250214576721191,0.0625021755695343,0.062481701374053955,0.06248519942164421,0.06250805407762527,0.06250356882810593,0.0625142902135849
0.06250803172588348,0.06250523030757904,0.062486905604600906,0.06250155717134476,0.0625048503279686,0.062489550560712814,0.06249559298157692,0.06250964850187302,0.06249615550041199,0.06249920278787613,0.06250160187482834,0.062487028539180756,0.06248738244175911,0.0625094324350357,0.0625014677643776,0.06251639127731323
0.06250564754009247,0.06250609457492828,0.062491029500961304,0.06250354647636414,0.06250753998756409,0.06248924508690834,0.06249672919511795,0.06250837445259094,0.06249018386006355,0.06250673532485962,0.06250367313623428,0.06248216703534126,0.06248311698436737,0.06250841170549393,0.06250131875276566,0.06251619011163712
0.06250879913568497,0.06250037252902985,0.06248730421066284,0.06249764934182167,0.06250552833080292,0.06249108538031578,0.06249060109257698,0.06251494586467743,0.062488898634910583,0.06249775364995003,0.06249845772981644,0.062497448176145554,0.06248527392745018,0.06251439452171326,0.06249997764825821,0.06252151727676392
0.06251078099012375,0.06250278651714325,0.062488410621881485,0.06250303983688354,0.06250561028718948,0.06248824670910835,0.0624953992664814,0.06250544637441635,0.062493689358234406,0.0624912828207016,0.06250150501728058,0.062488969415426254,0.062488071620464325,0.06250903010368347,0.06250724196434021,0.06252048909664154
Neighbor_0,Neighbor_1,Neighbor_2,Neighbor_3,Neighbor_4,Neighbor_5,Neighbor_6,Neighbor_7,Neighbor_8,Neighbor_9,Neighbor_10,Neighbor_11,Neighbor_12,Neighbor_13,Neighbor_14,Neighbor_15,Single Sample encoded_hidden_states
0.0,0.11102984845638275,0.06900859624147415,0.0,0.0,0.0,0.08701114356517792,0.0,0.0,0.022180968895554543,0.06223440542817116,0.05476716533303261,0.02910298854112625,0.059171270579099655,0.09454849362373352,0.07353809475898743,0.0,0.0,0.23068460822105408,0.0,0.0,0.0,0.12211297452449799,0.08488769829273224,0.0,0.0,0.07892128825187683,0.08496968448162079,0.008414942771196365,0.1734875738620758,0.21071039140224457,0.0,0.03268175572156906,0.0,0.0,0.06556627154350281,0.0,0.08008284866809845,0.0,0.10886520892381668,0.0,0.06351961940526962,0.0,0.0,0.0,0.026209792122244835,0.026999831199645996,7.741153240203857e-05,0.0,0.15819847583770752,0.0,0.0,0.0,0.019207991659641266,0.0,0.05044412612915039,0.0,0.0,0.12629510462284088,0.0,0.06461112201213837,0.0,0.06560435891151428,0.0
0.0,0.10281017422676086,0.08311201632022858,0.0,0.0,0.0,0.07721765339374542,0.0,0.0,0.0016351193189620972,0.0,0.05601751059293747,0.036313749849796295,0.031127966940402985,0.060759589076042175,0.05814136564731598,0.04616479575634003,0.0,0.2094835489988327,0.0,0.0,0.0,0.05217359960079193,0.055606644600629807,0.0,0.028713662177324295,0.10119485855102539,0.10582944750785828,0.0,0.18304304778575897,0.16511410474777222,0.01616935059428215,0.0770479366183281,0.03245258703827858,0.0,0.041147857904434204,0.0,0.06161295250058174,0.0,0.11503315716981888,0.0,0.06589975953102112,0.0,0.0,0.0,0.032096751034259796,0.0,0.09091213345527649,0.0,0.15878070890903473,0.0,0.0,0.006368023343384266,0.0,0.0,0.0536760538816452,0.0,0.0,0.15576431155204773,0.0,0.055355243384838104,0.0,0.05275309830904007,0.0
0.0,0.09239432960748672,0.10541427135467529,0.0,0.0,0.0,0.062158070504665375,0.0,0.00772330816835165,0.0,0.014590541832149029,0.04361293092370033,0.051053546369075775,0.022244073450565338,0.05809107422828674,0.01562928408384323,0.05157216638326645,0.0,0.23666934669017792,0.0,0.0,0.0,0.07070624083280563,0.0626707598567009,0.0,0.0,0.06398320198059082,0.061428751796483994,0.0,0.18081331253051758,0.18520492315292358,0.0,0.052777085453271866,0.019862178713083267,0.0,0.021451197564601898,0.0,0.06536468118429184,0.0,0.09669199585914612,0.0,0.07934468239545822,0.0,0.0,0.0,0.018597427755594254,0.0,0.06991925090551376,0.0,0.1268180012702942,0.0,0.0,0.0,0.02458290010690689,0.0,0.050357572734355927,0.0,0.0,0.15354549884796143,0.0,0.05244596302509308,0.0,0.01723768189549446,0.0
0.0,0.0709758847951889,0.0891437828540802,0.0,0.0,0.0,0.07159192860126495,0.0,0.0,0.02625183016061783,0.007419942878186703,0.06916584074497223,0.07821900397539139,0.04052520543336868,0.06383603066205978,0.056147873401641846,0.008531071245670319,0.0,0.2036982774734497,0.0,0.0,0.0,0.08360333740711212,0.04709410294890404,0.0,0.0,0.03592021390795708,0.10564970970153809,0.04024864360690117,0.15582577884197235,0.1747768074274063,0.0,0.06936893612146378,0.034353215247392654,0.0,0.04224404692649841,0.0,0.09476645290851593,0.0,0.10778539627790451,0.0,0.08738850802183151,0.0,0.0,0.0,0.005714353173971176,0.0,0.044235020875930786,0.0,0.1530466079711914,0.0,0.0,0.0,0.0,0.0,0.0376015231013298,0.0,0.0,0.1697288155555725,0.0,0.05702156573534012,0.0,0.04136621952056885,0.0
0.0,0.06196165084838867,0.0703662633895874,0.0,0.0,0.0,0.07953459769487381,0.0,0.0,0.0,0.01045228075236082,0.06334709376096725,0.043902140110731125,0.048285216093063354,0.053063128143548965,0.057738691568374634,0.056611690670251846,0.0,0.21828751266002655,0.0,0.0,0.0,0.07692219316959381,0.07115530222654343,0.0,0.011385038495063782,0.08402221649885178,0.11785581707954407,0.0,0.19054225087165833,0.18958213925361633,0.0010234294459223747,0.07102988660335541,0.03425712510943413,0.0,0.02291826903820038,0.0,0.08144652098417282,0.0,0.12079788744449615,0.0,0.08702559024095535,0.0,0.0,0.0,0.018844854086637497,0.0,0.08436519652605057,0.0,0.14736133813858032,0.0,0.0,0.0,0.0,0.0,0.0615253672003746,0.0,0.0,0.1425224393606186,0.0,0.07865782082080841,0.0,0.053850799798965454,0.0
0.0,0.0722978264093399,0.13975843787193298,0.0,0.0,0.0,0.06704878062009811,0.0,0.0,0.029141873121261597,0.018394604325294495,0.07531940937042236,0.06375239789485931,0.05119076371192932,0.08157959580421448,0.05982746183872223,0.02105109393596649,0.0,0.1994207501411438,0.0335586853325367,0.0,0.0,0.058831967413425446,0.06176658347249031,0.0,0.0,0.09185914695262909,0.04321787506341934,0.0024844296276569366,0.19298234581947327,0.16660894453525543,0.02443895861506462,0.09778973460197449,0.0,0.0,0.028343677520751953,0.0,0.020799750462174416,0.0,0.0650930106639862,0.0,0.07049531489610672,0.0,0.0,0.0,0.04790838062763214,0.0,0.047811418771743774,0.0,0.14563912153244019,0.0,0.0,0.0,0.03167802095413208,0.0,0.02415202371776104,0.0,0.0,0.18036998808383942,0.0,0.03204241394996643,0.0,0.043652694672346115,0.0
0.0,0.08976652473211288,0.09743663668632507,0.0,0.0,0.0,0.09382373094558716,0.0,0.0,0.01838141307234764,0.020609140396118164,0.06840121746063232,0.07383561134338379,0.05026085674762726,0.06207772344350815,0.04776816815137863,0.019383832812309265,0.0,0.231405571103096,0.020303737372159958,0.0,0.0,0.05785055086016655,0.06544992327690125,0.0,0.0,0.08480874449014664,0.07007177174091339,0.0,0.16328707337379456,0.14830268919467926,0.018224067986011505,0.04288213700056076,0.018819116055965424,0.0,0.027146056294441223,0.0,0.0416686125099659,0.0,0.07439402490854263,0.0,0.08962024003267288,0.0,0.0,0.0,0.04960816726088524,0.0,0.030476965010166168,0.0,0.1751377135515213,0.0,0.0,0.0,0.0012983903288841248,0.0,0.05852247029542923,0.0,0.0,0.15962573885917664,0.0,0.07403461635112762,0.0,0.039364445954561234,0.0
0.0,0.09200840443372726,0.10851790010929108,0.0,0.0,0.0,0.061332546174526215,0.0,0.0035467874258756638,0.009471679106354713,0.03841051086783409,0.08641956746578217,0.06483088433742523,0.03635771572589874,0.06362267583608627,0.07447710633277893,0.01004408672451973,0.0,0.24004602432250977,0.0,0.0,0.0,0.08092370629310608,0.0720444992184639,0.0,0.0,0.06980427354574203,0.051772139966487885,0.0,0.18389834463596344,0.21232977509498596,0.0,0.056555502116680145,0.053322598338127136,0.0,0.033125534653663635,0.0,0.08423024415969849,0.0,0.04830498620867729,0.0,0.08622550964355469,0.0,0.0,0.0,0.05962792783975601,0.021249964833259583,0.028076231479644775,0.0,0.16165100038051605,0.0,0.0,0.0,0.064510777592659,0.0,0.037400200963020325,0.0,0.0,0.13576069474220276,0.0,0.05552122741937637,0.0,0.041801486164331436,0.0
0.0,0.11528512835502625,0.06093331798911095,0.0,0.0,0.0,0.08103790134191513,0.0,0.0,0.0,0.007989034987986088,0.04598914831876755,0.07161998003721237,0.0,0.0666380226612091,0.06195834279060364,0.026050623506307602,0.0,0.2330067753791809,0.0,0.0,0.0,0.04840101674199104,0.06879249960184097,0.0,0.0,0.045972347259521484,0.11015308648347855,0.0,0.17722055315971375,0.18657639622688293,0.0,0.06190904974937439,0.0506996288895607,0.0,0.030229590833187103,0.0,0.0743214413523674,0.0,0.09582777321338654,0.0,0.07058128714561462,0.0,0.0,0.0,0.0038092024624347687,0.010747852735221386,0.016337700188159943,0.0,0.14597854018211365,0.0,0.0,0.0,0.051399633288383484,0.0,0.05261483043432236,0.0,0.0,0.1648314893245697,0.0,0.04920933023095131,0.0,0.034230586141347885,0.0
0.0,0.07773783057928085,0.13942919671535492,0.0,0.0,0.0,0.04681700840592384,0.0,0.0,0.0,0.0004022866487503052,0.06293019652366638,0.042391836643218994,0.04069098085165024,0.08437077701091766,0.008347749710083008,0.06902827322483063,0.0,0.21480950713157654,0.0,0.0,0.0,0.06928736716508865,0.04215378686785698,0.0,0.006944086402654648,0.10816741734743118,0.07168113440275192,0.005837630480527878,0.17832115292549133,0.1280251145362854,0.022728092968463898,0.06955485045909882,0.0,0.0,0.016513600945472717,0.0,0.05764768645167351,0.0,0.10121271759271622,0.0,0.07756979763507843,0.0,0.0,0.0,0.03948162496089935,0.0,0.10356994718313217,0.0,0.16771280765533447,0.0,0.0,0.0,0.023947007954120636,0.0,0.04361115023493767,0.0,0.0,0.14615829288959503,0.0,0.013430755585432053,0.0,0.03885790705680847,0.0
0.0,0.07968862354755402,0.13756166398525238,0.0,0.0,0.0,0.05156734585762024,0.0,0.0,0.0,0.0032871076837182045,0.04511106386780739,0.0688709020614624,0.046345166862010956,0.0695033073425293,0.028522558510303497,0.03123520500957966,0.0,0.2162463515996933,0.0,0.0,0.0,0.04481096193194389,0.04816749319434166,0.0,0.009576169773936272,0.059710271656513214,0.08243618905544281,0.0,0.1795853227376938,0.16804860532283783,0.013471444137394428,0.029799923300743103,0.04607854038476944,0.0,0.04353933036327362,0.0,0.07343155145645142,0.0,0.08552742004394531,0.0,0.07521440833806992,0.0,0.0,0.0,0.024981511756777763,0.0,0.053868625313043594,0.0,0.17527738213539124,0.0,0.0,0.0,0.0,0.0,0.061245910823345184,0.0,0.0,0.1729460507631302,0.0,0.037853457033634186,0.0,0.014766350388526917,0.0
0.0,0.07097703218460083,0.13385066390037537,0.0,0.0,0.0,0.06154728680849075,0.0,0.014235359616577625,0.022344838827848434,0.045935265719890594,0.08275481313467026,0.09285391867160797,0.03125341981649399,0.08588503301143646,0.047517694532871246,0.01604623720049858,0.0,0.22284555435180664,0.03857913613319397,0.0,0.0,0.08159156143665314,0.04294160008430481,0.0,0.0,0.05650514364242554,0.057178959250450134,0.0,0.17240995168685913,0.22023269534111023,0.0,0.04543119668960571,0.06330839544534683,0.0,0.014327876269817352,0.0,0.025296349078416824,0.0,0.060829754918813705,0.0,0.0920586884021759,0.0,0.0,0.0,0.04232361167669296,0.014343149028718472,0.0,0.0,0.14586222171783447,0.0,0.0,0.0,0.041732385754585266,0.0,0.03435317799448967,0.0,0.0,0.10645322501659393,0.0,0.05039507895708084,0.0,0.056980736553668976,0.0
0.008839234709739685,0.07458767294883728,0.10066588222980499,0.0,0.0,0.0,0.07116802036762238,0.0,0.0,0.00824873149394989,0.0,0.05134109407663345,0.06416751444339752,0.034596554934978485,0.08841566741466522,0.0489824041724205,0.004223797470331192,0.0,0.21078330278396606,0.006116618402302265,0.0,0.0,0.08275416493415833,0.04609841853380203,0.0,0.0,0.042974215000867844,0.05435475334525108,0.0,0.166695237159729,0.18414250016212463,0.0,0.025012001395225525,0.07262314856052399,0.0,0.033016353845596313,0.0,0.07109285145998001,0.0,0.042534299194812775,0.0,0.05664630979299545,0.0,0.0,0.0,0.021646874025464058,0.0,0.025461554527282715,0.0,0.14355771243572235,0.0,0.0,0.0,0.031827524304389954,0.0,0.029560323804616928,0.0,0.0,0.14593654870986938,0.0,0.04276571795344353,0.0,0.02452467381954193,0.0
0.0,0.06175736337900162,0.13530083000659943,0.0,0.0,0.0,0.06806163489818573,0.0,0.0022886935621500015,0.03484363853931427,0.028258297592401505,0.06302909553050995,0.08049368858337402,0.03469701111316681,0.09047657251358032,0.04626122862100601,0.0,0.0,0.2477276623249054,0.011541505344212055,0.0,0.0,0.11105816066265106,0.040710292756557465,0.0,0.0,0.061249587684869766,0.0618235319852829,0.0,0.17226332426071167,0.19443637132644653,0.0,0.05017649382352829,0.050066933035850525,0.0,0.006011359393596649,0.0,0.1044505164027214,0.0,0.06529532372951508,0.0,0.08290086686611176,0.0,0.0,0.0,0.04689604043960571,0.0,0.0031196624040603638,0.0,0.15819773077964783,0.0,0.0,0.0,0.021126560866832733,0.0,0.002555450424551964,0.0,0.0,0.10136158019304276,0.0,0.0594693198800087,0.0,0.06815347075462341,0.0
0.0,0.12909840047359467,0.07257966697216034,0.0,0.0,0.0,0.09523044526576996,0.0,0.0,0.0,0.0,0.015140548348426819,0.03730213642120361,0.03795737028121948,0.059620700776576996,0.06626945734024048,0.04551619291305542,0.0,0.22108536958694458,0.0,0.0,0.0,0.12644201517105103,0.06287268549203873,0.0,0.0,0.06518170982599258,0.08561491221189499,0.014153838157653809,0.16308577358722687,0.22065025568008423,0.0,0.03683742880821228,0.006774142384529114,0.0,0.039962925016880035,0.0,0.08033017814159393,0.0,0.09566295146942139,0.0,0.07480169087648392,0.0,0.0,0.0,0.011265445500612259,0.0,0.0218857079744339,0.0,0.1496521234512329,0.0,0.0,0.0,0.01566695049405098,0.0,0.05581822246313095,0.0,0.0,0.1654428243637085,0.0,0.07762716710567474,0.0,0.0289207361638546,0.0
0.0,0.06235552951693535,0.1444053053855896,0.0,0.0,0.0,0.009296898730099201,0.0,0.003505283035337925,0.0,0.014721340499818325,0.08720125257968903,0.062299806624650955,0.047085754573345184,0.06606834381818771,0.07887469232082367,0.012403510510921478,0.0,0.19869579374790192,0.0,0.0,0.0,0.04857435077428818,0.08883277326822281,0.0,0.0032888303976505995,0.1004219502210617,0.11779936403036118,0.0,0.19226935505867004,0.20256307721138,0.015566927380859852,0.04736137390136719,0.0,0.0,0.03841971606016159,0.0,0.029371891170740128,0.0,0.10490170866250992,0.0,0.07372260093688965,0.0,0.0,0.0,0.06579069793224335,0.0,0.002118803560733795,0.0,0.18443140387535095,0.0,0.0,0.0,0.0024129897356033325,0.0,0.05601547658443451,0.0,0.0,0.16484490036964417,0.0,0.055902834981679916,0.0,0.04036489874124527,0.0
Neighbor_0,Neighbor_1,Neighbor_2,Neighbor_3,Neighbor_4,Neighbor_5,Neighbor_6,Neighbor_7,Neighbor_8,Neighbor_9,Neighbor_10,Neighbor_11,Neighbor_12,Neighbor_13,Neighbor_14,Neighbor_15,Single Sample attn_query
-0.1548527330160141,-0.07939528673887253,0.044470254331827164,0.050749681890010834,-0.036008320748806,0.012720898725092411,-0.034602340310811996,-0.04980361834168434,-0.09680879861116409,0.05096680298447609,-0.06235090643167496,0.049665406346321106,-0.10402525216341019,0.04728652536869049,-0.036567945033311844,0.12583528459072113,0.03782835975289345,0.15618020296096802,-0.13517093658447266,-0.02770855650305748,0.026042573153972626,0.036757029592990875,0.02042880468070507,-0.08188370615243912,-0.1289411187171936,-0.04446033388376236,-0.06089676544070244,0.1318027377128601,-0.016626251861453056,0.1212526336312294,0.019397929310798645,-0.051541149616241455,0.025564320385456085,-0.14131973683834076,-0.06360094249248505,-0.0756392553448677,-0.14971375465393066,0.0778215304017067,0.19341795146465302,-0.19415441155433655,-0.09881048649549484,0.19941572844982147,0.04215409979224205,0.00828886404633522,-0.029721040278673172,-0.07102325558662415,0.011005823500454426,0.15735368430614471,-0.12945404648780823,-0.175077423453331,-0.10711751133203506,-0.10952029377222061,0.11073166131973267,-0.028998801484704018,-0.07673660665750504,-0.06216466426849365,0.003979326691478491,0.05167714133858681,0.16269230842590332,-0.020877571776509285,-0.17920635640621185,-0.021699365228414536,0.09499604254961014,0.09768440574407578
-0.08783135563135147,-0.11624246090650558,0.007928652688860893,0.05746428295969963,0.004139771685004234,-0.0043677412904798985,-0.04454028233885765,-0.06845499575138092,-0.0648202896118164,-0.002679026685655117,-0.03463416546583176,0.044425856322050095,-0.03050227090716362,0.047938015311956406,-0.04836900159716606,0.09415528178215027,0.06728368252515793,0.10607858747243881,-0.11648991703987122,-0.10436036437749863,0.06181512027978897,0.08679237961769104,0.02028137817978859,-0.08408309519290924,-0.10848814994096756,-0.0012605839874595404,-0.06945694983005524,0.10618742555379868,-0.030848843976855278,0.07073686271905899,0.0027583339251577854,-0.004486420191824436,0.03917961195111275,-0.12834271788597107,-0.04501212760806084,-0.020859457552433014,-0.15442651510238647,0.10506647825241089,0.19400474429130554,-0.21826718747615814,-0.10683957487344742,0.17618127167224884,0.06565814465284348,0.01831013709306717,-0.02748989500105381,-0.0816035345196724,-0.011464457958936691,0.1586240977048874,-0.15745925903320312,-0.16747738420963287,-0.08096209168434143,-0.115461565554142,0.07265094667673111,-0.010539839044213295,-0.010302362963557243,-0.017701538279652596,-0.003462455701082945,0.020423278212547302,0.1770828515291214,0.017150145024061203,-0.20517504215240479,-0.05353061482310295,0.03128447011113167,0.1187509223818779
-0.06459222733974457,-0.1179254874587059,-0.0014160292921587825,0.07109951227903366,0.008133064955472946,-0.055531203746795654,-0.044252343475818634,-0.0643908679485321,-0.07177150249481201,0.026770716533064842,-0.023882493376731873,0.05841553956270218,-0.029875624924898148,0.0518895760178566,-0.049972474575042725,0.08501047641038895,0.0766313374042511,0.12656575441360474,-0.11487830430269241,-0.08654841035604477,0.05574873462319374,0.05381074547767639,0.014635835774242878,-0.08389293402433395,-0.1152464896440506,-0.04052624851465225,-0.07354113459587097,0.1259259432554245,-0.03910393267869949,0.09593522548675537,-0.02487737499177456,-0.03508280962705612,0.027114054188132286,-0.10060922801494598,-0.0750865638256073,-0.03397529572248459,-0.16848236322402954,0.08912758529186249,0.18393173813819885,-0.19482621550559998,-0.05465973913669586,0.20938965678215027,0.08613327890634537,0.023497914895415306,-0.00027684582164511085,-0.04487764462828636,-0.0022955869790166616,0.1478651463985443,-0.12471280246973038,-0.13279108703136444,-0.06866234540939331,-0.11212300509214401,0.08405619859695435,-0.05080925300717354,-0.015319183468818665,-0.023970620706677437,0.01548662967979908,0.021754896268248558,0.1675366312265396,0.0085681127384305,-0.18107929825782776,-0.05108467489480972,0.0616060309112072,0.07261639833450317
-0.07881669700145721,-0.09992606192827225,0.03335921838879585,0.08619599789381027,0.03216756507754326,-0.030421577394008636,-0.039419449865818024,-0.049657225608825684,-0.08301515132188797,0.027611346915364265,-0.02377142943441868,0.02749571204185486,-0.07450047135353088,0.06647075712680817,-0.07505949586629868,0.08730076253414154,0.04442133381962776,0.13448646664619446,-0.10091261565685272,-0.054185669869184494,-0.0157869104295969,0.06818944960832596,0.010606941767036915,-0.10969831049442291,-0.14068816602230072,-0.017099719494581223,-0.09100443124771118,0.11161817610263824,-0.021468542516231537,0.07375496625900269,-0.003779194550588727,-0.02721884660422802,0.023279918357729912,-0.11547789722681046,-0.05265370383858681,-0.05616212263703346,-0.15529200434684753,0.10366249084472656,0.1928972452878952,-0.21557071805000305,-0.09979414194822311,0.212556391954422,0.04293939098715782,-0.001205991255119443,-0.0356624461710453,-0.09485591948032379,0.021125201135873795,0.11389350891113281,-0.10199818015098572,-0.15875259041786194,-0.0632292628288269,-0.12474463880062103,0.08681315928697586,-0.01700807362794876,-0.014988536946475506,-0.029672324657440186,-0.031084885820746422,0.03011140041053295,0.15792053937911987,0.007534008473157883,-0.17803460359573364,-0.05356799438595772,0.025397108867764473,0.06200404465198517
-0.1007377952337265,-0.12350862473249435,0.017418747767806053,0.08228068798780441,0.0025516541209071875,-0.021191459149122238,-0.02415834553539753,-0.06817150115966797,-0.07361771166324615,0.02336556650698185,-0.050093118101358414,0.050737567245960236,-0.026191994547843933,0.03733556717634201,-0.027114814147353172,0.09521277993917465,0.04128504544496536,0.13638240098953247,-0.11419256776571274,-0.10943874716758728,0.03136139363050461,0.07756099104881287,0.006513180211186409,-0.10594547539949417,-0.13211128115653992,-0.014464467763900757,-0.06220385432243347,0.088842011988163,-0.04740479588508606,0.0777386873960495,0.006225389428436756,-0.02001023106276989,0.016626780852675438,-0.1102079302072525,-0.048031996935606,-0.018920382484793663,-0.18546991050243378,0.12496264278888702,0.18246449530124664,-0.23530364036560059,-0.09145348519086838,0.19755032658576965,0.06362567096948624,0.019638121128082275,-0.01716046966612339,-0.08773210644721985,0.005838312674313784,0.1600058674812317,-0.14691604673862457,-0.16626594960689545,-0.07629082351922989,-0.13988451659679413,0.06193046271800995,-0.0006116803851909935,-0.022536974400281906,-0.021855926141142845,-0.020047392696142197,0.033702559769153595,0.17158110439777374,0.0073431855998933315,-0.1913651078939438,-0.04559503495693207,0.05939110368490219,0.10263543576002121
-0.0715765580534935,-0.08600398153066635,0.06785611808300018,0.06800349801778793,-0.016427000984549522,-0.011971822008490562,-0.04240306466817856,-0.08884869515895844,-0.0706881508231163,0.04494329169392586,-0.0016738574486225843,0.05332386493682861,-0.0422898530960083,0.055126938968896866,-0.07136661559343338,0.07268603891134262,0.12540528178215027,0.1539459526538849,-0.08797342330217361,-0.07521364092826843,0.06435146927833557,0.07196345180273056,0.018307054415345192,-0.02581985667347908,-0.11620307713747025,-0.011039446108043194,-0.06078396737575531,0.1486002653837204,-0.017172982916235924,0.03644770383834839,-0.01662026345729828,-0.02536768838763237,0.05032390356063843,-0.13184092938899994,-0.06993428617715836,-0.04300327226519585,-0.17289048433303833,0.07743600010871887,0.2011042982339859,-0.21494394540786743,-0.09056265652179718,0.18711110949516296,0.02719380334019661,-0.005473372060805559,-0.04786102846264839,-0.007875791750848293,0.013756505213677883,0.09193592518568039,-0.14991511404514313,-0.13421741127967834,-0.06924514472484589,-0.08050403743982315,0.10517250001430511,-0.058683425188064575,-0.0008913999772630632,-0.0034142429940402508,-0.00882958248257637,0.009796075522899628,0.15474697947502136,0.01039514783769846,-0.2192831188440323,-0.0679718628525734,0.06497249752283096,0.08397355675697327
-0.07956114411354065,-0.08016958087682724,0.032791078090667725,0.08389182388782501,-0.02563399076461792,0.0016068482073023915,-0.054581545293331146,-0.07863563299179077,-0.07059551030397415,0.028660453855991364,-0.045219749212265015,0.05544321984052658,-0.07369893789291382,0.06531257182359695,-0.03571457788348198,0.08812528848648071,0.07644671946763992,0.12318456918001175,-0.10774431377649307,-0.05774993821978569,0.012008619494736195,0.06729115545749664,0.00399014400318265,-0.05309782549738884,-0.13458505272865295,-0.03948613256216049,-0.08550295233726501,0.1445728838443756,-0.0022789519280195236,0.06398390978574753,0.0019238602835685015,-0.04299597442150116,0.041566912084817886,-0.125474750995636,-0.07587607949972153,-0.03835868835449219,-0.13003692030906677,0.09398344159126282,0.20410315692424774,-0.23055219650268555,-0.06869766861200333,0.17301806807518005,0.04625622555613518,0.032954052090644836,-0.01055472157895565,-0.04640541970729828,0.016194511204957962,0.14509175717830658,-0.1295110285282135,-0.11902687698602676,-0.06882047653198242,-0.10512690246105194,0.0906720906496048,-0.013930759392678738,-0.004803471267223358,-0.001214861636981368,-0.006308425683528185,0.017493559047579765,0.15684469044208527,0.009016942232847214,-0.21550263464450836,-0.08745329827070236,0.06686640530824661,0.10541771352291107
-0.12745401263237,-0.07880841940641403,0.03376719355583191,0.05992647260427475,0.003068135352805257,-0.013867578469216824,-0.038463838398456573,-0.10234888643026352,-0.048556309193372726,0.010987999849021435,-0.013269704766571522,0.09462305903434753,-0.06312967091798782,0.06387602537870407,-0.041996750980615616,0.11724939197301865,0.07137614488601685,0.20071816444396973,-0.1290515810251236,-0.05333477258682251,0.03709488734602928,0.03388598561286926,0.028192222118377686,-0.08659158647060394,-0.16103529930114746,-0.04348169267177582,-0.0894717201590538,0.12261568009853363,-0.021870076656341553,0.07771815359592438,-0.020448237657546997,-0.0337657555937767,0.014755427837371826,-0.13191835582256317,-0.06005798652768135,-0.07239972800016403,-0.1627044975757599,0.07976295053958893,0.22713151574134827,-0.1954456865787506,-0.07617631554603577,0.19868998229503632,0.030496833845973015,0.045009028166532516,-0.023377567529678345,-0.03645160049200058,0.0037842022720724344,0.11195553094148636,-0.11182919889688492,-0.11528942734003067,-0.08019222319126129,-0.1277783215045929,0.09099840372800827,-0.07848068326711655,-0.03632919490337372,-0.03340872377157211,0.005135687533766031,0.031094975769519806,0.14281858503818512,0.001373283681459725,-0.22372755408287048,-0.057246219366788864,0.08769387751817703,0.08207038789987564
-0.0822531208395958,-0.11302061378955841,0.022092439234256744,0.05537265166640282,0.01396581158041954,-0.03729083389043808,-0.02719019167125225,-0.05124403536319733,-0.043812330812215805,0.007421333342790604,-0.033114317804574966,0.04801294207572937,-0.06639301776885986,0.0599808432161808,-0.05313335731625557,0.08625089377164841,0.04438985139131546,0.14932391047477722,-0.12814556062221527,-0.04664719104766846,0.0391894206404686,0.03544303774833679,-0.005148952826857567,-0.15119774639606476,-0.14240218698978424,-0.05478232353925705,-0.09171666204929352,0.13175852596759796,0.002224859781563282,0.09075557440519333,-0.022415919229388237,-0.005033472552895546,0.018099937587976456,-0.133819118142128,-0.039027340710163116,-0.05036848038434982,-0.1353910118341446,0.049659378826618195,0.22010044753551483,-0.23082534968852997,-0.08481593430042267,0.18460969626903534,0.07483933120965958,0.02206227369606495,-0.010294229723513126,-0.0555625855922699,-0.00216984492726624,0.15700718760490417,-0.1185714602470398,-0.15890435874462128,-0.07780275493860245,-0.12440858781337738,0.08121881633996964,-0.05180295929312706,-0.019529912620782852,-0.013421242125332355,-0.012515355832874775,0.016083145514130592,0.15014107525348663,0.030692629516124725,-0.16940240561962128,-0.030350010842084885,0.03587177395820618,0.09683772176504135
-0.06295120716094971,-0.11325441300868988,0.012821473181247711,0.040308281779289246,0.010530421510338783,-0.02396165020763874,-0.05767925828695297,-0.07268543541431427,-0.07130660116672516,0.01925954967737198,-0.03297805413603783,0.04478073865175247,-0.020707830786705017,0.03835717961192131,-0.06760754436254501,0.044993575662374496,0.13318292796611786,0.11911591142416,-0.0808810219168663,-0.1201452687382698,0.06203353777527809,0.08203724026679993,0.03615748509764671,-0.03060714155435562,-0.09681190550327301,0.0018258312484249473,-0.06494924426078796,0.13276246190071106,-0.06510945409536362,0.04872233793139458,-0.017438113689422607,0.00356812821701169,0.053170040249824524,-0.11981603503227234,-0.0914347767829895,-0.0425657294690609,-0.16735835373401642,0.11500383913516998,0.16369201242923737,-0.18280304968357086,-0.058203283697366714,0.17746056616306305,0.0820024162530899,0.019517024978995323,-0.024134725332260132,-0.07069137692451477,0.004229838028550148,0.13372543454170227,-0.11774885654449463,-0.14878323674201965,-0.05267706513404846,-0.11142759770154953,0.07257859408855438,-0.04065186530351639,0.019323810935020447,-0.04221939295530319,0.024098582565784454,0.02202627807855606,0.19630683958530426,0.008955152705311775,-0.21256405115127563,-0.08083221316337585,0.06476247310638428,0.11389303207397461
-0.0746971070766449,-0.102300725877285,8.654617704451084e-05,0.09754136204719543,0.018787948414683342,-0.001096140593290329,-0.07366161048412323,-0.07981034368276596,-0.07078132033348083,0.025863289833068848,-0.011893156915903091,0.030924484133720398,-0.04239954426884651,0.07301370054483414,-0.061483148485422134,0.08008549362421036,0.0992051437497139,0.1389014720916748,-0.09486689418554306,-0.06666326522827148,0.033874865621328354,0.07764586806297302,0.00915211346000433,-0.09660081565380096,-0.12312022596597672,-0.028880296275019646,-0.08539235591888428,0.1272970288991928,-0.01933368481695652,0.07027730345726013,-0.03059205412864685,-0.014295531436800957,0.028190502896904945,-0.10061910003423691,-0.09807197004556656,-0.05880625918507576,-0.15058112144470215,0.07514377683401108,0.19340980052947998,-0.20504364371299744,-0.08152564615011215,0.18816041946411133,0.0920233428478241,0.028721900656819344,-0.022325297817587852,-0.0714535266160965,-0.006122720893472433,0.14152394235134125,-0.1065608561038971,-0.13699448108673096,-0.06183423846960068,-0.12678280472755432,0.08896432816982269,-0.021695811301469803,0.011965791694819927,-0.014995548874139786,0.03364695608615875,0.01425962708890438,0.15401247143745422,-0.019396334886550903,-0.20345060527324677,-0.09317607432603836,0.031883325427770615,0.07693656533956528
-0.08839089423418045,-0.05538978800177574,0.055560629814863205,0.05594617500901222,-0.007826454006135464,-0.015077994205057621,-0.05437484756112099,-0.11048632860183716,-0.052130326628685,0.04754753038287163,-0.0042300717905163765,0.08638652414083481,-0.08201020210981369,0.03592561185359955,-0.04566040635108948,0.07971639186143875,0.07706856727600098,0.22621241211891174,-0.11113037168979645,-0.04783593490719795,0.02248283289372921,0.0413895882666111,-0.007590092718601227,-0.07128417491912842,-0.13871663808822632,-0.04317076504230499,-0.0983612909913063,0.1345134824514389,-0.016727469861507416,0.06486747413873672,0.0015195462619885802,-0.0400707982480526,0.06151838228106499,-0.09574230015277863,-0.06456433981657028,-0.016561005264520645,-0.1595262587070465,0.04786963388323784,0.21021568775177002,-0.22576990723609924,-0.0801381766796112,0.19793881475925446,0.04416244104504585,0.02709456905722618,-0.017851300537586212,-0.0478377528488636,0.010747469030320644,0.10404394567012787,-0.07663855701684952,-0.08689970523118973,-0.07119329273700714,-0.10946814715862274,0.09391200542449951,-0.0727696642279625,-0.031173303723335266,-0.013481922447681427,0.019031591713428497,0.057581327855587006,0.13308529555797577,-0.030254492536187172,-0.21620742976665497,-0.023428842425346375,0.09222875535488129,0.059925422072410583
